POLONIEX:
  snx_usdt_poloniex:
    symbol: "USDT_SNX"
    id: 291
    tickSize: 0.00000001  
    minOrderSize: 0.00000001
    lotSize: 0.00000001
    contractSize: 1
  
  comp_usdt_poloniex:
    symbol: "USDT_COMP"
    id: 346
    tickSize: 0.00000001  
    minOrderSize: 0.00000001
    lotSize: 0.00000001
